434835113
-1024427663
462395177
-576379517
-49314083
-51354451
-1229530123
1464594649
381052069
-1364143517
-457988317
353478133
-650226409
-78991573
59332061
1565083133
-1653540239
-952325791
-1848089543
1140791519
-2057255723
1507663529
40892921
-2016056047
-989908861
1652871647
690412211
-625691021
1700245129
1403455181
-1229610671
252820309
-1139674687
1715156117
-1144657651
-1512086713
-1267112921
-1333652993
1643504791
-162112879
1579596629
-918339659
-1976021393
-562492547
2019767149
-1821864067
-1765457207
1056889181
-1229438923
1902897251
25653601
888296387
1577556491
361113133
-1856351681
558907169
-34930717
225296491
-1124975101
-1019746153
-1126972291
-1308868433
1485947759
1895484691
-1080722561
730121807
1170905557
-868026289
-293246839
2067323357
-1653988997
-1233169531
909549221
1104126377
-783662987
-755987821
986458109
1619502871
331429249
-1261428061
-639286019
661464283
1349511521
-1335837157
136890607
-500876609
-932598923
1997373221
525668191
1341897317
1563674887
160260809
-63456767
1802835467
1509566281
-124012433
-649171829
-211579121
481721609
-236268773
422272639
-418103669
-189421607
-108050813
-631124191
1908111101
108109679
916335367
817869203
-1463367047
380646583
-1384849069
619410481
537597179
-1746862459
705009259
1300918189
-1776075817
-1152523031
-363527147
843310049
1250146103
1751124701
-1854329377
-1720924601
-1011500057
-1691996561
1945390847
81161263
-903859739
-1203586597
-603547453
-1221515261
-1804784219
1962250517
-1974697691
-1807033543
-1839632171
-1384184539
1332049261
1271514571
-1533181877
1068100771
439083397
2067664847
566964407
1967112161
1986044509
149093081
1044799357
972878917
2142400921
-1813178653
-977382479
2146905691
644695417
1122728153
1993391261
-2091482957
-1696711757
-1485281291
1038073741
-949338089
1133511607
531580381
-963074777
1345611301
1164403511
-1940490677
-1882745999
1209615131
1809327271
-477737429
1548668281
1022540867
649929413
697961029
1190534119
1737582793
-945569243
-344472703
-2064450161
1583195603
528591719
1856083877
1921724873
1450191007
102499789
-536855257
-1167550723
-479133733
117694963
-1545528973
61047701
-1532493169
-295477163
1052200339
-311162707
-900865243
-58166159
434744473
646854419
-110343227
-1757992313
-1731555557
-1181190071
-378202601
1157239271
-1233831187
1233259867
-428046899
-731010373
-1966751737
-26193293
664715959
1249812667
880021583
-1284205417
-256356997
-813087967
-959774219
1200854809
158091869
-1662617489
-1090105769
-1781040187
512460233
-1479255731
-2041757407
1304635333
878575531
-42707651
1504359947
-749840749
1824879119
-361977449
-1699563167
-1029812959
-537504511
-587182063
292178893
1105881461
451651819
1592717471
1243135573
1586640343
1644442303
-1105671509
-1739220751
3663113
-709026421
-653456731
600662899
-810255617
-1434259949
-1180459943
-1995437189
586175557
-1246125677
-518040779
-1971432893
-1573564283
-1728343921
-748475449
1944896321
-1509999553
357518533
-571149637
250205057
1488688523
53544349
-900965387
-1384322441
1186761997
-1027647071
525337831
1324406917
-731808019
-319114663
-432725597
-777350269
427582771
-1772750189
598691861
2008251623
-1242240551
-66150551
179030927
1927522667
251213333
891740269
64598803
-2142510379
-1236809227
810701537
191339689
-1805581903
-384199357
-73365811
-1088974303
543279589
457906073
-1382256979
-1766446381
820614959
-1060755311
-2092546183
-426389293
-1175493959
-825377051
-955864433
-905096273
733692071
459469529
1839427949
858316579
-1010609879
614449013
-140740397
618278687
-2044671491
791274001
-1494648781
1577755001
-1649924623
397187903
-1645067491
-1940153347
-1164632689
1579702897
2134423871
260057189
752742191
1296850643
-123432011
1453464847
-451007641
406995983
-1546637971
-1524181609
-1899032327
101997407
-117410227
-1840348963
1373925643
923722457
1232436071
390209657
-2032319117
1837861153
-1790879179
-1516181131
-2124251351
-101183737
1779929039
287339927
1543017107
-1798769927
-21616633
-1828299997
346595897
419310271
-843956483
-1880849713
1658356957
1459167197
912219563
-2066692837
-1950533887
633549329
504483737
803389559
387243379
-317257777
2132489941
1132554721
1727591693
1633139
-862717631
-416289257
-967980011
586482041
1792601119
678834091
-147125663
-71829149
-435810379
420551143
-971452801
1885629167
1112361133
117148037
-504202487
95342747
-22195709
1561061201
151782983
815092831
-614748757
-595230391
-234523759
-909581293
1028789219
148891913
-68868043
-1648874419
-1753228643
1933720751
1272656503
-649277509
-774465481
1053116513
1592108623
-527470033
508552777
-202677203
1780225831
2101773221
1304290441
-1520653009
301621891
1867514891
597559301
-674864639
-220987303
762986629
-1372818007
-59378761
1349954213
830888299
-2139382573
1821802111
-2083411703
1275184591
-313375013
-1515754573
-779062043
-1752045991
-242319911
1200514717
-1077156553
-641006767
1911051569
1038205171
1627870867
-1274277599
-1090803979
-1176133669
-1590811313
-765536987
-1519112221
-419225651
1368479117
1548638851
-818351399
1292318897
286678789
-1089772039
-1541761039
2007546067
963448019
-1465418089
-226895947
1301057531
1082100367
-84920237
1209639533
-1736687827
1643586181
366325363
-779898529
2071259801
-116537189
-941345509
881549219
309154943
-1923007409
849231371
2072963677
-2145809977
1836693097
-1912362563
-2087404913
-1793613263
1952805071
-1002433837
-104239699
226062629
984072467
1668396991
1467463559
360060379
-447875411
-243266557
1332971753
819495289
-1380077189
-618472157
170675471
-1608598667
1962143291
1331858873
301597481
-2109516137
-2128715497
-2113242913
-74481929
687705811
229167959
679651537
1002493243
-1629817081
1734094429
-282718621
502981177
371747893
1625974223
-170675677
875948399
-724785839
-1486465957
1603176851
-467418737
-107928497
838435273
478387819
-922001657
-658047653
-907463069
-1970666393
1296492281
-663230077
-792517589
1869068471
-31376653
1675395037
43005721
-1796969161
-943519409
-931885313
1729061741
-2138098081
553554511
1865420381
-93353501
67516901
808836973
-663018193
-606501613
-1159404647
-923328727
-652752989
-1990474609
-456622717
-563775283
-419313607
-1575305287
-301013039
-378584963
-166842847
316568801
-960371597
325192799
-187335589
-1424525891
456736309
-2053174763
1983626387
-78208609
561515867
-1441671511
56984683
1426553909
821322347
-1153583953
531952961
1156080223
-771749509
1401740431
587431939
-338354453
-1617853751
-71838361
348912143
215730973
1391923067
1118654891
-1933457707
790264043
-1243885267
1030991861
-1478779891
1018391941
-784734049
-2115724633
621034037
1185678737
882749467
480773533
472568917
-2048357659
160020451
-1619673619
-419829877
-1955634739
-275647397
1823647513
-496611337
237350767
-279708143
-563384321
1955174411
930003143
-1763831083
2056876013
-810381037
2096849033
-516634789
-381038881
1831512767
-2037510349
986011849
-909680701
-22916353
-29212183
1534505869
-578102093
1403553193
-2141806159
790414649
576378521
751478531
-184717259
1608088969
1032672211
1523302237
1844670709
1847276981
-522196081
1537068203
1365114547
-476136853
1305222343
1110042409
1353570197
-25360379
-1490288239
-38662123
-1336394753
-448835617
1933920269
1150813043
1448739977
1285200019
151991921
376537783
-679378493
-296736143
320445619
-645813763
1844833277
-691141981
-2114358901
-1669729777
-1093457167
-1770062401
1797963667
-1104946129
-2030603617
-287895881
-893100307
-890993371
583997843
586991429
-630776257
1686142829
-204959683
-1255950583
1759793741
1882629709
-995583883
1757454017
-1192027099
806453623
174609067
460176199
-45498401
312639869
841320061
288454549
1690483039
604529101
-116408987
765698411
-1642392709
2005169759
2034046361
-769921651
271683947
1127889097
1318591003
1882318961
977221571
-870005629
1412099723
1978399477
-1252780337
-231949043
1410339769
-2090857669
300978697
-1414973071
-1146110393
-1820399669
2084586361
1036095281
1566875137
1830775199
379106669
-1083849701
1132535051
-500066383
1247441317
436351051
992261329
79970303
-745809251
-996346103
-522288437
-129068591
571469107
411390049
-2122124681
736667231
-925075943
1146133921
96431557
-2097089563
891077111
1466996447
1815790409
1680261721
152624911
1471504189
355461409
1147425577
-829684391
-1927424717
361156181
-65400979
-1919579657
-1318872863
-550769639
-273868283
-566456239
-340973461
1842403361
-302967749
-952989913
1826206447
557487539
-307507373
658138619
-66878771
-1721864537
1862563969
1065168617
385193897
289314853
-2079236233
-96074681
-112468829
-609502669
1154567887
-675469601
-1907524771
-1129626313
1216444573
1139373739
-117242207
1339557157
-1502178353
1547025511
-208974713
-1513308403
-1211198611
-989553379
666664033
-764730161
-1481839777
-992930143
1300458113
-988401643
-2128341469
1048670809
-974267687
792282839
-1866665881
-1840150433
2056414087
-193454273
759181121
-1452486307
965305999
-1453767127
-1253005027
-623272277
-1266537877
543779657
-2084818037
-1192327283
-1813342607
-1413972899
1111932391
1031856593
-1417130281
-2098003627
-1122066239
-190994363
439652881
-183797731
-537113411
483746683
1904707651
-665815669
-1505823167
759438943
-1750502723
-1570062131
-329078551
1412686067
-947798633
-704965601
-77203013
1096254547
-1630703981
1367793679
-2042412811
-199849181
77269339
1989505859
-1521107411
238312591
662993827
1528098041
1291775219
-1068532537
-1149158039
-1419550703
1383717533
1338223867
1996336439
1765421371
-297241027
617032543
1088068753
182631277
-1814158009
-614840747
-1218740239
-1257957127
208326737
-1360848313
820179307
1845460873
1017313867
-963540953
-979415027
-1431614887
-2054642809
1438295129
-503077961
-522884561
1252867619
1827902473
-847789259
-1999852033
-2113989299
-849661441
1569596171
-1143088183
841128941
473663123
-1681952383
11609951
609881227
-543587843
1945988561
127306949
-1106756749
-1360750403
993139129
201962399
91146997
-204342317
388842739
1461158587
-459387733
1800776327
-410547463
1781770759
-105340003
-395217883
-2091245621
383702579
352821449
1116405647
1909435313
768179771
1413320303
1577589839
-928995001
-805136449
-323768077
-852853483
-307500209
-2124097531
766847521
650703017
-379868099
145150573
-955818089
1621888619
-1937353609
-1298371513
-1896756239
1555543027
-812247041
-1923037781
-1254939257
-2033083513
651488641
-155985659
-1387916251
-1517479867
1768959683
-494973989
1132883233
-247945283
1582966207
-310838339
1891359689
2121537679
-382500673
1216273177
-1451889709
1696875751
545883817
-1539750659
-1835128151
916117199
-155728669
1267221823
-230567203
983545399
-1868291803
868957027
-1953709021
-1759473841
1828426879
1000235569
888818459
-2105188583
736608479
709845277
278682977
-885550127
1036965773
1694340773
-316809371
990185173
806926021
713778521
1938611941
-602775863
2000345891
69259403
896757811
151705463
-673151801
-50823703
1608540709
1189547591
1110548159
-1415256473
1063760993
-1999899623
132839543
1114685761
-44272079
1393867379
428075759
-74330201
-2078294351
-2048606273
-1993339499
-924468367
1379241583
-1003524007
2015283097